37834200
37833506
37833293
37833097
37833059
37832932
37832897
37832834
37832719
37832565
37832516
37832321
35131733
35131499
35131168
32149983
32149938
32149895
32149846
32149734
30317759
30317644
30317251
30317000
26552382
26552369
26552358
26552339
25178914
25178601
25178368
25178223
25177899
25177751
25177708
25177581
25177360
25177245
25162139
25161994
25161777
25161567
25161433
25161262
25160837
25160299
25159993
25159955
25139895
25139629
25139388
25138672
25138443
25138384
25138081
25137717
25137601
25137488
25137454
25137163
24958971
24958712
24958443
24958146
24957951
24957712
24957683
24957628
24957352
24957182
24868817
24868776
24868763
24868639
24868595
24868562
24868519
24868477
24868400
24868270
24868227
24868200
24868156
24868084
24868028
24867978
24867805
24867626
24867569
24867501
24867483
24867407
24862454
24862423
24862388
24862345
24862290
24862237
24862166
24862071
24862028
24861995
24861915
24861852
24861792
24861597
24861523
24861475
24861461
24861359
24861321
24861285
24861208
24861141
24861084
24860981
24860890
24860850
24860823
24860452
24860430
24860418
24849124
24848994
24848809
24848780
24848640
24848578
24848444
24848341
24848234
24848134
24848025
24847986
24847919
24847850
24847778
24847643
24847615
24847459
24847384
24847184
24847078
24847044
24846981
24846899
24846823
24846740
24846680
24846621
24846565
24846444
24833005
24832960
24832944
24832906
24832745
24832703
24832582
24832565
24832450
24832425
24832400
24832383
24832360
24832329
24832314
24832159
24832126
24832111
24832091
24826113
24826010
24825874
24825844
24825774
24825654
24825621
24825566
24825424
24825388
24825249
24825186
24825060
24825021
24824969
24824838
24824683
24824604
24824582
24608494
24608414
24608359
24608238
24608151
24608054
24607978
24607911
24607839
24607712
24607665
24607626
24607584
24607496
24607292
24607112
24607077
24607018
24606928
24606791
24606752
24606633
24606542
24606499
24606352
24555876
24553975
24553722
24553158
24552801
24552675
24552507
24546196
24546168
24546010
24545927
24545822
24545566
24545551
24545478
24545372
24537215
24537188
24537166
24537145
24537108
24537092
24537061
24537034
24537020
24536993
24536864
24536708
24536607
24536534
24536474
24536401
24536357
24536309
24536249
24536191
24536043
24535989
24535939
24535886
24535847
24535809
24535789
24535767
24535750
24535719
24535602
24535548
24272600
24272574
24272466
24261591
24261556
24261551
24261545
24261533
24261525
24261520
24261514
24261507
24261504
24261502
24261501
24261495
24261494
24261491
24261400
24261359
24261274
24261225
24261224
24261220
24261218
24261217
24261216
24260197
24260120
24260065
24259996
24259958
24259912
24259831
24259802
24259744
24259649
24259608
24259521
24259426
24259360
24259294
24259198
24259065
24258823
24258750
24258620
24258496
24258410
24258187
24258104
24258015
24257912
24257632
24257397
24257130
24186754
24186751
24186749
24186745
24186743
24186740
24186707
24186695
24186690
24186682
24186673
24186670
24186668
24185135
24185134
24185133
24185132
24185130
24121650
24121597
24121549
24121547
24121500
24121441
24121440
24121415
24121350
24121325
24121322
24121298
24121228
24121218
24121216
24121154
24121112
24121110
24121039
24121007
24120953
24120903
24120898
24120837
24120800
24120799
24120773
24120706
24120691
24120688
24120614
24120579
24120573
24120550
24120498
24120464
24120462
24120434
24120378
24098181
24098178
24098176
24098163
24098128
24098098
24098075
24098064
24098061
24098048
24098024
24098000
24097975
24097956
24097952
24097948
24097946
24097945
24069824
24069821
24069817
24069813
24069812
24069808
24069806
24069805
24069802
24069791
24069785
24069747
24026948
24026861
24026472
24026461
24026344
24026288
24026257
24021445
24021309
24021225
24021097
24020919
24020629
24020499
24020307
24020281
24020086
23977712
23977613
23977041
23976947
23976914
23976847
23976761
23976612
23976582
23976512
23976431
23976274
23971373
23971236
23971073
23970993
23970880
23970740
23970649
23970546
23970475
23970456
23970390
23970197
23970116
23970024
23969943
23969665
23969578
23969473
23969292
23969234
23969186
23969137
23969015
23968794
23883426
23883348
23883264
23882992
23882873
23882590
23882460
23882191
23881740
23881716
23881590
23881565
23881543
23881520
23881437
23881390
23881360
23881313
23880970
23778394
23778288
23778200
23778043
23777757
23777596
23777329
23777308
23777283
23777027
23776890
23776709
23776645
23762903
23762742
23762508
23762265
23762161
23761969
23761884
23761675
23654989
23654727
23629217
23629024
23628887
23628694
23628439
23628219
23628080
23627961
23627808
23627562
23627418
23627218
23627125
23626894
23626675
23626585
23626491
23626397
22490293
22490058
22489985
22489795
22489577
22489502
22489352
22489273
22489119
22489043
22482224
22481989
22481340
22455880
22455860
22455616
22455536
22455447
22455300
22455253
22455048
22454965
22450754
22450724
22450599
22450544
22450378
22450142
22449975
22449561
22449269
22448914
22448804
22448634
22448280
22448004
22447837
22447773
22447698
22447545
22447227
22447203
22447180
22447163
22383233
22383108
22382876
22382663
22382491
22382390
22382136
22377133
22377088
22377062
22377027
22376991
22376901
22376809
22376684
22376477
22376375
22376155
22375982
22375935
22375663
22375486
22375382
22375108
22374819
22374590
22374360
22374087
22328667
22328460
22328219
22328070
22327889
22327683
22327541
22327309
22327206
22327073
22326797
22326702
22326455
22326253
22326010
22325830
22325604
22325499
22325337
22325206
22324976
22281414
22281265
22281125
22281012
22280663
22280595
22280519
22280482
22280212
22279888
22279772
22279480
22279352
22279198
22279077
22279018
22278734
22278667
22278443
22278391
22278271
22278187
22278062
22278006
22277640
22103033
22102992
22102952
22102929
22102805
22102724
22102647
22102305
22102059
22101880
22101643
22101456
22101295
22101216
22100878
22099264
22099220
22099100
22098952
22098707
22098658
22098492
22098382
22091086
22091007
22090970
22090924
22020646
22020545
22020468
22020420
22020330
22019936
22019824
22018619
22018414
22018010
22013693
22013632
22013497
22012524
22012474
22012420
22012319
22012087
22012003
22011934
22011872
22011794
22011724
22010899
22010759
22010390
21592776
21592709
21592660
21592631
21592583
21592544
21592529
21592516
21592416
21592310
21592281
21592209
21592118
21592078
21592005
21591408
21591300
21591244
21591096
21591054
21590897
21590811
21590692
21590191
21589828
21589757
21589595
21589490
21589397
21589316
21589288
21589267
21589106
21588972
21588900
21279800
21279749
21279620
21279463
21279416
21279237
21279080
21279013
21278882
21278839
21278576
21278528
21278495
21278413
21278351
21278325
21278221
21060557
21060324
21060236
21060194
21060103
21060048
21060017
21059996
21059883
21059717
21059617
21059519
21059448
21059283
21059238
21059202
21058987
21058789
21058762
21052280
21051552
21051376
21051204
21051128
21051089
21051011
21050925
21050871
21038259
21038041
21037862
21037803
21037720
21037618
21037588
21037499
21037356
21037334
21037311
21037297
21037274
21037244
21037168
21037125
21037057
21028967
21028945
21028906
21028886
21028834
21028803
21028768
21028754
21028730
21028626
21028589
21028568
21028540
21028531
21028516
21028504
21028484
21028446
21017740
21017180
21016937
21016812
21016690
21016602
21016474
21016271
21015957
21015752
21015577
21015471
21015223
21015057
21014681
21014664
21014620
21014527
21014314
21014091
21013982
21013959
21013901
21013845
20977735
20977688
20977605
20977490
20977305
20977211
20977048
20976916
20976633
20976502
20976154
20974521
20974254
20974190
20974153
20974110
20974070
20974038
20974011
20973806
20973507
20973320
20973200
20973119
20973050
20972951
20924821
20924634
20924437
20924260
20924144
20923924
20923653
20923258
20922027
20921811
20921689
20921654
20921604
20921371
20921190
20921083
20920891
20920864
20920818
20902091
20901871
20901708
20901509
20901437
20901279
20901225
20901107
20899041
20898998
20898820
20898784
20898703
20898477
20898211
20897906
20897658
20897531
20897417
20897318
20897298
20897257
20897241
20897037
20896981
20855117
20855034
20854948
20854808
20854703
20854662
20854636
20854558
20854530
20854505
20854426
20854371
20854230
20854204
20740455
20740213
20740127
20740037
20739116
20738825
20738705
20720665
20720415
20720022
20713181
20713084
20712698
20712423
20712089
20711891
20711331
20711168
20710889
20710594
20710349
20710030
20486370
20486003
20485688
20485467
20485264
20484775
19953004
19950415
19943833
19943812
19943794
19943763
19943660
19943617
19943348
19943174
19943080
19942980
19942939
19942921
19701441
19700697
19700611
19700476
19700308
19700083
19700026
19699911
19699718
19699505
19698867
19578139
19578064
19577878
19577731
19577479
19577367
19541511
19541413
19541389
19541343
19541167
19541034
19540874
19540717
19540637
19540603
19539779
19539259
19539183
19539043
19493477
19493367
19493205
19492850
19492785
19491564
19491379
19491206
19444044
19443961
19443878
19443783
19443769
19443560
19443548
19443536
19443527
19443515
19422941
19422808
19422744
19422428
19422261
19422171
19422094
19418026
19417890
19417675
19417196
19416683
19416536
19416453
19416339
19416170
19415688
19398923
19398844
19398293
19397978
19397874
19397589
19397366
19397071
19396742
19396519
19396465
19396441
19396343
19392121
19392096
19391682
19391565
19391431
19391338
19391264
19391091
19390920
19390814
19389935
19389886
19389783
19389561
19389048
19388939
19388865
19388766
19388678
19388638
19388595
19388553
19388523
19388214
19387992
19354665
19354614
19354503
19354433
19354283
19354070
19353888
19353459
19353169
19352713
19352130
19351533
18427726
18427606
18427491
18427288
18427261
18427166
18427145
18427129
18427111
18427007
18426967
18426949
18426699
18426638
18421530
18421270
18421243
18421222
18421184
18421069
18421047
18421020
18420995
18420820
18420799
18420694
18420646
18404066
18403973
18403812
18403687
18403482
18402817
18402800
18402742
18398667
18398535
18398507
18398483
18398418
18398377
18398317
18398243
18398214
18398152
18398065
18392408
18392087
18391503
18391237
18391102
18391026
18390764
18390714
18390511
18390279
18390241
18368169
18368131
18368117
18368106
18368088
18368040
18368014
18367963
18367882
18367847
18367805
18367713
18367523
18367399
18367217
18367125
18367005
18366860
18366713
18366589
18366447
18366376
18366206
18360020
18359966
18359908
18359788
18359637
18359564
18359475
18352086
18352076
18352031
18351997
18351984
18351872
18351807
18351761
18351719
18351389
18351234
18350993
18350930
18350912
18350826
18350800
18350633
18333189
18333170
18333141
18333121
18333031
18333012
18332970
18332879
18332850
18332828
18332817
18332794
18332769
18324431
18324420
18324343
18324319
18324295
18324233
18324174
18324102
18324077
18324048
18324031
18323924
18323748
18323638
18323424
18323248
18323094
18322981
18322896
18322840
18322780
18272491
18272476
18272457
18272443
18272410
18272382
18272329
18272263
18272147
18272105
18271881
18271825
18271809
18243849
18243789
18243760
18243686
18243584
18243524
18243485
18243428
18243409
18243373
18243339
18243304
18205212
18204874
18204511
18204311
18204047
18203341
18203193
18202174
18201864
18201835
18201530
18201368
18201240
18130661
18130626
18130555
18130458
18130298
18130168
18130030
18129909
18129758
18129583
18129394
18129342
18129324
18129291
18129194
18129007
18128929
18128813
18128694
18128606
18128464
18126075
18125939
18125911
18125881
18125842
18114976
18114894
18114739
18114620
18114567
18114466
18114244
18114120
18113948
18113759
18113693
18113674
18113552
18113390
18113271
18113209
18113158
18113080
18113003
18112943
18112559
18108468
18108443
18108414
18108361
18108276
18108128
18107896
18107748
18107656
18107596
18107369
18087074
18087036
18086978
18086541
18086295
18086061
18085992
18085745
18085666
18074146
18073765
18073378
18073215
18073127
18073020
18072840
18072653
18072398
18072220
18072032
18071957
18071927
18049560
18049475
18049447
18049315
18049299
17644087
17643993
17643633
17643610
17643570
17622790
17622683
17622476
17622279
17622221
17622183
17441511
17441491
17441467
17441447
17441365
17441282
17441173
17441035
17440874
17440698
17440629
17363897
17363782
17363633
17363599
17363459
17363261
17363104
17362983
17362488
17362238
17362056
17361940
17361860
17361576
17361449
17361417
17361386
17361263
17354655
17354608
17354591
17354511
17354043
17353836
17353739
17353693
17353662
17353631
17353606
17353590
17353573
17353547
17335723
17335702
17335522
17335489
17328825
17328475
17328345
17228950
17228640
17228337
17228086
17228014
17227977
17158893
17158832
17158718
17138413
17138379
17102007
17101932
17101833
17101807
17101717
17101590
16989956
16989860
16989663
16989581
16989501
16989431
16988127
16987829
16987290
16987140
16986972
16986546
16986299
16986108
16985916
16985329
16972012
16971778
16971498
16971414
16971345
16971249
16971139
16971085
16970999
16970966
16970823
16970768
16970610
16970452
16970241
16902386
16902246
16892811
16892535
16892318
16891418
16890940
16890541
16889901
16889747
16889498
16889111
16887878
16887726
16887583
16887305
16887189
16887048
16886873
16886701
16886539
16868017
16867759
16867548
16867332
16867129
16866990
16866918
16866774
16866734
16866608
16866558
16866509
16866427
16866396
16866259
16866030
16865993
16865951
16865902
16865882
16856475
16856377
16856194
16855952
16855688
16855558
16855473
16855337
16855127
16855069
16848592
16848437
16848356
16848283
16848151
16848038
16847853
16847486
16847306
16846968
16846795
16846727
16846664
16846537
16846124
16845987
16845829
16845734
16845447
16845273
16845158
16844978
16687681
16687627
16687489
16687460
16687081
16686867
16685507
16685107
16684190
16684000
16683558
16683527
16664573
16664461
16664310
16664035
16663914
16663640
16663487
16663374
16663308
16663106
16663075
16662904
16662790
16662548
16593208
16589208
16589179
16589141
16589022
16588994
16588847
16588634
16588407
16588273
16588205
16568080
16567922
16567563
16567357
16567017
16566788
16566588
16566324
16565901
16565649
16563712
16140287
16140155
16140057
16139926
16139767
16139501
16139387
16139252
16139147
16138929
16138915
16138848
16138657
16138482
16133519
16133435
16133335
16133167
16133128
16133035
16132985
16132824
16132567
16132307
16132255
16132216
16132173
16132124
16132096
16131057
16119058
16119004
16118981
16118694
16117768
16117540
16113972
16113689
16113494
16113470
16113410
16113359
16113224
16112979
16112891
16112855
16112763
16112733
16112704
16112572
16097280
16097033
16096874
16096777
16096557
16096500
16096442
16096337
16096294
16096264
16096185
16095804
16095760
16095712
16095559
16095442
16095359
16095308
16095194
16095089
16015551
16015307
16015197
16015124
16015013
16014983
16014896
16014857
16014548
16014500
16014451
16014297
16014271
16014245
16014094
16013934
16013670
16013642
16013277
16013252
16013194
16013151
16013108
16013074
16012929
16012902
16012794
16012589
16012491
16012444
15959346
15959072
15958886
15958519
15958431
15958381
15958353
15958332
15957247
15955782
15955536
15955158
15955033
15954883
15947024
15946882
15946806
15946671
15946616
15946335
15946276
15946212
15945586
15945549
15945515
15945487
15945464
15945423
15945401
15945376
15945352
15945328
15866863
15866592
15866280
15865980
15865583
15865489
15865320
15865252
15865157
15864890
15864324
15864280
15864212
15863458
15856245
15856147
15855998
15855947
15855836
15847624
15847590
15847516
15847323
15847233
15847065
15846991
15846787
15846742
15846663
15846415
15846268
15845932
15845703
15845546
15845227
15845177
15821201
15820561
15820316
15820121
15820072
15819871
15819684
15819619
15819398
15819270
15819251
15818976
15818828
15818583
15818564
15812833
15812505
15811619
15811191
15810865
15800258
15800140
15800074
15799983
15799846
15799818
15792683
15792439
15792381
15792279
15792221
15791993
15791714
15791612
15791441
15790941
15790774
15790599
15790301
15790156
15790077
15790015
15782936
15782845
15782502
15782388
15782263
15782048
15781874
15781783
15781211
15781110
15780772
15780574
15780500
15780333
15780235
15780114
15779970
15779931
15763683
15763511
15763411
15763188
15762792
15762052
15761807
15761608
15761491
15761424
15761359
15761273
15761165
15761078
15760975
15760732
15760670
15751835
15748852
15748572
15748430
15748155
15747784
15747335
15746408
15746297
15745786
15745678
15745528
15745359
15745104
15744976
15744857
15744662
15744485
15727290
15726712
15726283
15725955
15725717
15725199
15724666
15720427
15720220
15719918
15719249
15713469
15713406
15712930
15712286
15712118
15705164
15705009
15704934
15704752
15703630
15703608
15703458
15703302
15702125
15701894
15701751
15701511
15701271
15701123
15700962
15700730
15700674
15700607
15698304
15698153
15697800
15685258
15685128
15685026
15684495
15684327
15683410
15683080
15682712
15682242
15681660
15681091
15680379
15680134
15676740
15676472
15675570
15675419
15673314
15673043
15672774
15656195
15654900
15654637
15653956
15653909
15653735
15653653
15653551
15653517
15653471
15635261
15635234
15635134
15634678
15634486
15634127
15633946
15633728
15633506
15633439
15633267
15633218
15633190
15633084
15632956
15632781
15632445
15632310
15632215
15631912
15631815
15631192
15631087
15625654
15625382
15625125
15624938
15624739
15624342
15624080
15623242
15623077
15623030
15622737
15622520
15622304
15622225
15622086
15621953
15621904
15621799
15621553
15621349
15620791
15620259
15619835
15619590
15619451
15619369
15619336
15615846
15615799
15615745
15615448
15615333
15615151
15614994
15614799
15614742
15614412
15614143
15613908
15613637
15613582
15613371
15613214
15613075
15612938
15612859
15612763
15599475
15599188
15599062
15598962
15598661
15598594
15598470
15598361
15598316
15598272
15598180
15598148
15598114
15597924
15597628
15597547
15597440
15588622
15588570
15588415
15588222
15588139
15588061
15587932
15587738
15587702
15587609
15587460
15587412
15587286
15587222
15587094
15587056
15587022
15586797
15586755
15586693
15582064
15581963
15581870
15581844
15581712
15581626
15581485
15581326
15581018
15580794
15580544
15580383
15571240
15571080
15565302
15565113
15565045
15565003
15564908
15558210
15558192
15558175
15558153
15558067
15557986
15557926
15557855
15557818
15557793
15557760
15557667
15557542
15557208
15554776
15554738
15554717
15554496
15554267
15553997
15553808
15553778
15551078
15550860
15531063
15530980
15530878
15530638
15530404
15530137
15530010
15529941
15529908
15528914
15528853
15528783
15528661
15524848
15524554
15524040
15523893
15523662
15523497
15523348
15416465
15416343
15416103
15416033
15415816
15384924
15384820
15384722
15384674
15384454
15383966
15383876
15383752
15383482
15383426
15383356
15383265
15383202
15383152
15371262
15371021
15370628
15370160
15369892
15369346
15368907
15236709
15236565
15236504
15236162
15235934
15235770
15235562
15235275
15235032
15234594
15234514
15234053
15232268
15232197
15199625
15199436
15199200
15199162
15198921
15197776
15197270
15196708
15195964
15195679
15195109
15172080
15171395
15171098
15170650
15170552
15170252
15170049
15169555
15169506
15054106
15053861
15053263
15053019
15052740
15052515
15052457
15051840
15051631
15051323
15049058
15048789
15048328
15047798
15047444
15044312
15044002
15043377
15043094
15042786
14997998
14997833
14997795
14994141
14992844
14992324
14992071
14991666
14989991
14989471
14939530
14938883
14938490
14937513
14937343
14936456
14936134
14935841
14933833
14922259
